1 0.3872541743970315 0.10121782178217822 0.43746753246753245 0.20243564356435645
1 0.38422077922077924 0.3008019801980198 0.5117996289424861 0.16266336633663367
0 0.23371057513914656 0.49848514851485154 0.16747680890538033 0.1421980198019802
0 0.40297773654916513 0.494019801980198 0.12567717996289424 0.13986138613861385
0 0.6892207792207793 0.48095049504950493 0.2003339517625232 0.09392079207920792
0 0.11695732838589981 0.6839603960396039 0.1720686456400742 0.1533960396039604
0 0.28655844155844157 0.6645544554455446 0.14117810760667904 0.16408910891089107
0 0.41203153988868274 0.6536039603960396 0.11594619666048236 0.1520990099009901
0 0.5351205936920223 0.6292079207920792 0.11404452690166976 0.12310891089108911
0 0.6503896103896104 0.6277128712871287 0.11541743970315399 0.1399207920792079
0 0.3090816326530612 0.8544653465346534 0.16106679035250462 0.17097029702970298
0 0.53778293135436 0.7817722772277228 0.16128942486085343 0.09158415841584158