1 0.8601342281879194 0.8348364485981309 0.16320805369127517 0.32621495327102806
1 0.20557046979865773 0.7469158878504673 0.12702013422818792 0.45799065420560753
1 0.42428187919463084 0.728411214953271 0.1984026845637584 0.37815420560747665
1 0.6406845637583892 0.7951635514018691 0.2120268456375839 0.20404205607476636
2 0.11351677852348992 0.669088785046729 0.05924832214765101 0.08815420560747662
2 0.21767785234899328 0.849696261682243 0.061302013422818796 0.11063084112149534
2 0.47322147651006713 0.7031308411214954 0.0714496644295302 0.10955607476635514
2 0.28636241610738256 0.897873831775701 0.03801342281879195 0.1719158878504673
2 0.713758389261745 0.8139018691588785 0.05570469798657718 0.1324532710280374
2 0.5813288590604027 0.8117990654205607 0.05750335570469799 0.07813084112149532
2 0.8973020134228188 0.8296495327102803 0.07787919463087249 0.1366822429906542
2 0.8161879194630872 0.7258878504672898 0.05293959731543624 0.0927570093457944